000024 030544
000025 031024
000026 140053
000030 030544
000031 031024
000032 140066
000033 140502
000035 140355
000036 140170
000037 020231
000041 030544
000042 031024
000043 010231
000044 140101
000046 020232
000050 140155
000051 000000
000053 021226
000054 140335
000055 140170
000056 020040
000057 060401
000060 011226
000061 161063
000062 150000
000063 021226
000064 130054
000066 021226
000067 010040
000070 140240
000071 140506
000072 060401
000073 011226
000074 161076
000075 150000
000076 021226
000077 130067
000101 020226
000102 021227
000104 010040
000105 020232
000106 011226
000107 050002
000110 140321
000111 020233
000113 060401
000114 011227
000115 071001
000116 021227
000120 010040
000121 020230
000122 011226
000123 050002
000124 140321
000126 011233
000127 051000
000134 101144
000135 171140
000136 130144
000140 020233
000141 010230
000142 020232
000144 060401
000145 011227
000146 161152
000150 010232
000151 150000
000152 021227
000153 130120
000155 140411
000156 010231
000157 140240
000160 140502
000162 140445
000163 010232
000164 140240
000165 140502
000166 150000
000170 030000
000171 030401
000172 611000
000174 011467
000175 051402
000176 111603
000200 030437
000201 130207
000203 140300
000204 171220
000205 130207
000207 611000
000210 011454
000211 051402
000212 101634
000214 140300
000215 171220
000216 130207
000220 020226
000221 021227
000223 031012
000224 700200
000226 011227
000227 060402
000230 020626
000231 010226
000232 130207
000234 170636
000235 140325
000236 150000
000240 170244
000241 140512
000242 140325
000244 110251
000245 010074
000246 140477
000247 150000
000251 030515
000252 031412
000253 020226
000254 031012
000255 010226
000256 710200
000260 060474
000261 020440
000262 070401
000264 110253
000266 060401
000267 010040
000270 140477
000272 011315
000273 051001
000274 111266
000275 150000
000300 021626
000301 011474
000302 051003
000303 171306
000304 031037
000305 130316
000306 021227
000307 031011
000310 011627
000311 051003
000312 171315
000313 031037
000314 130316
000315 011227
000316 011626
000317 150000
000321 170323
000322 140325
000323 150000
000325 020626
000326 030400
000327 050400
000330 020626
000331 010226
000332 010626
000333 150000
000335 010721
000336 620001
000337 010732
000340 620001
000341 010736
000342 620001
000343 010726
000344 620001
000345 010734
000346 620001
000347 010050
000350 620001
000351 010053
000352 620001
000353 150000
000355 010721
000356 620001
000357 010732
000360 620001
000361 010736
000362 620001
000363 010726
000364 620001
000365 010734
000366 620001
000367 010050
000370 620001
000371 010735
000372 620001
000373 010726
000374 620001
000375 010723
000376 620001
000377 010734
000400 620001
000401 010724
000402 620001
000403 010727
000404 620001
000405 010053
000406 620001
000407 150000
000411 010722
000412 620001
000414 620001
000415 010737
000416 620001
000417 010050
000420 620001
000421 010726
000422 620001
000423 010732
000424 620001
000425 010736
000426 620001
000427 010726
000430 620001
000431 010734
000432 620001
000433 010726
000434 620001
000435 010725
000436 620001
000437 010110
000440 620001
000441 010050
000442 620001
000443 150000
000445 010720
000446 620001
000447 010731
000450 620001
000451 010733
000452 620001
000453 010735
000454 620001
000455 010726
000456 620001
000457 010735
000460 620001
000461 010736
000462 620001
000463 010050
000464 620001
000465 010730
000466 620001
000467 010735
000470 620001
000471 010110
000472 620001
000473 010050
000474 620001
000475 150000
000477 620001
000500 150000
000502 010054
000503 620001
000504 150000
000506 010050
000507 620001
000510 150000
000512 010067
000513 620001
000514 150000
000144 000000
000145 000000
000146 000000
000147 000000
000150 000000
000151 000000
000152 000000
000153 000000
000154 000000
000155 000000
000156 000000
000157 000000
000160 000000
000161 000000
000162 000000
000163 000000
000164 000000
000165 000000
000166 000000
000167 000000
000226 000000
000227 000000
000230 000000
000231 000000
000232 000000
000233 000000
000310 000000
000311 000000
000312 000000
000313 000000
000314 000000
000315 000000
000454 000014
000455 000050
000456 000067
000457 000074
000460 000110
000461 000053
000620 000147
000621 000151
000622 000203
000623 000215
000624 000217
000625 000220
000626 000221
000627 000224
000630 000225
000631 000230
000632 000232
000633 000233
000634 000236
000635 000237
000636 000240
000637 000241